056 024
037 055
031 042
003 012
029 032
015 065
002 038
064 022
020 066
046 059
025 009
005 048
028 016
009 061
052 029
023 027
060 022
007 040
022 034
013 061
053 010
057 023
036 052
023 056
054 043
044 011
066 035
049 061
004 047
019 020
013 014
065 012
051 034
017 011
007 057
063 019
026 041
022 042
041 053
065 066
006 004
024 003
004 052
017 012
058 056
049 004
006 064
002 058
048 033
007 052
040 041
044 049
026 040
005 045
033 058
006 005
020 062
034 006
050 029
062 057
047 048
044 028
022 045
051 031
057 016
030 008
012 060
012 053
029 008
008 019
049 005
061 050
016 014
025 056
001 063
060 052
047 034
052 064
053 035
003 047
037 065
027 057
040 060
011 002
050 020
037 028
064 036
051 054
061 017
003 040
065 032
025 011
035 002
065 003
026 043
020 039
011 058
062 002
022 029
056 057
014 007
037 041
002 041
033 057
064 013
024 046
024 010
042 015
020 026
036 047
016 035
047 028
058 036
024 040
030 007
011 055
064 010
043 044
002 053
052 002
054 009
038 013
040 033
013 051
004 045
018 054
049 054
056 017
006 054
059 004
054 012
065 025
066 037
054 015
040 048
022 038
038 006
042 024
028 035
059 026
055 054
011 012
015 047
016 027
057 008
060 058
030 004
061 059
028 011
057 010
011 007
013 032
032 061
059 013
007 006
018 035
008 012
015 003
027 058
016 048
024 030
033 006
007 061
059 007
010 032
043 001
043 042
060 048
010 031
051 057
012 031
027 014
009 042
049 064
043 030
063 026
017 014
032 031
007 023
034 005
044 010
031 053
037 039
059 047
038 053
062 060
050 019
027 026
025 014
063 009
016 051
044 014
065 064
027 060
009 031
037 010
019 003
010 007
064 012
029 057
